time	latitude	longitude	lsm
1079616	36.0	26.0	0.0
1079616	36.0	26.25	8.392718172524072E-4
1079616	36.0	26.5	3.967466772465955E-4
1079616	36.0	26.75	0.003494422657287166
1079616	36.0	27.0	0.005401858605588006
1079616	36.0	27.25	0.013901393191216638
1079616	36.0	27.5	0.04190255291227318
1079616	36.0	27.75	0.26319564189034533
1079616	36.0	28.0	0.37797750751529763
1079616	36.0	28.25	0.15702012726412645
1079616	36.0	28.5	0.0
1079616	36.0	28.75	0.0
1079616	36.0	29.0	0.0
1079616	36.0	29.25	0.005630750919384142
1079616	36.0	29.5	0.02639891352448387
1079616	36.0	29.75	0.08636869973906275
1079616	36.0	30.0	0.02337753498237527
1079616	36.0	30.25	0.01205499519326142
1079616	36.0	30.5	6.56157966215487E-4
1079616	36.0	30.75	0.0
1079616	36.0	31.0	0.0
1079616	36.0	31.25	0.0
1079616	36.0	31.5	0.0
1079616	36.0	31.75	0.0
1079616	36.0	32.0	0.0
1079616	36.0	32.25	0.047884272046144705
1079616	36.0	32.5	0.3622602353012986
1079616	36.0	32.75	0.41766743472754186
1079616	36.0	33.0	0.3281705400332657
1079616	36.0	33.25	0.20122686280194713
1079616	36.0	33.5	0.18648619779347808
1079616	36.0	33.75	0.06543268277051256
1079616	36.0	34.0	3.967466772465955E-4
1079616	36.0	34.25	1.6785436345045923E-4
1079616	36.0	34.5	0.0
1079616	36.0	34.75	1.0681641310483769E-4
1079616	36.0	35.0	0.0
1079616	35.75	26.0	0.0
1079616	35.75	26.25	3.8148718966019013E-4
1079616	35.75	26.5	4.4252514000581167E-4
1079616	35.75	26.75	0.0037538339462561132
1079616	35.75	27.0	0.06239604474081761
1079616	35.75	27.25	0.05760456563868588
1079616	35.75	27.5	0.05737567332488974
1079616	35.75	27.75	0.02929821616590117
1079616	35.75	28.0	0.002945081104176517
1079616	35.75	28.25	0.0
1079616	35.75	28.5	0.0
1079616	35.75	28.75	0.0
1079616	35.75	29.0	0.0
1079616	35.75	29.25	0.0
1079616	35.75	29.5	0.0
1079616	35.75	29.75	0.0
1079616	35.75	30.0	0.0
1079616	35.75	30.25	0.0
1079616	35.75	30.5	0.0
1079616	35.75	30.75	0.0
1079616	35.75	31.0	0.0
1079616	35.75	31.25	0.0
1079616	35.75	31.5	0.0
1079616	35.75	31.75	0.0
1079616	35.75	32.0	0.0
1079616	35.75	32.25	0.0
1079616	35.75	32.5	0.0
1079616	35.75	32.75	0.0
1079616	35.75	33.0	2.4415180138248616E-4
1079616	35.75	33.25	0.0
1079616	35.75	33.5	0.0
1079616	35.75	33.75	0.04570216532128851
1079616	35.75	34.0	0.05279782704896768
1079616	35.75	34.25	0.05899317900904888
1079616	35.75	34.5	0.0038148718966017348
1079616	35.75	34.75	0.003982726260052194
1079616	35.75	35.0	0.0
1079616	35.5	26.0	0.0412616544336441
1079616	35.5	26.25	0.02726870431690903
1079616	35.5	26.5	0.027283963804495437
1079616	35.5	26.75	0.017548410724367858
1079616	35.5	27.0	0.15448705232478294
1079616	35.5	27.25	0.07472571071063433
1079616	35.5	27.5	0.038118199990844315
1079616	35.5	27.75	0.0
1079616	35.5	28.0	0.0
1079616	35.5	28.25	0.0
1079616	35.5	28.5	0.0
1079616	35.5	28.75	0.0
1079616	35.5	29.0	0.0
1079616	35.5	29.25	0.0
1079616	35.5	29.5	0.0
1079616	35.5	29.75	0.0
1079616	35.5	30.0	0.0
1079616	35.5	30.25	0.0
1079616	35.5	30.5	0.0
1079616	35.5	30.75	0.0
1079616	35.5	31.0	0.0
1079616	35.5	31.25	0.0
1079616	35.5	31.5	0.0
1079616	35.5	31.75	0.0
1079616	35.5	32.0	0.0
1079616	35.5	32.25	4.5778462759216154E-5
1079616	35.5	32.5	4.5778462759216154E-5
1079616	35.5	32.75	0.12740146185891077
1079616	35.5	33.0	0.12782872751133018
1079616	35.5	33.25	0.12740146185891077
1079616	35.5	33.5	0.16907512245738787
1079616	35.5	33.75	0.21599804678558893
1079616	35.5	34.0	0.21431950315108417
1079616	35.5	34.25	0.2362321273251644
1079616	35.5	34.5	0.11333221430424367
1079616	35.5	34.75	0.009521920253917904
1079616	35.5	35.0	0.0
1079616	35.25	26.0	0.23646101963896055
1079616	35.25	26.25	0.17771199243129415
1079616	35.25	26.5	0.07599224818030609
1079616	35.25	26.75	0.006653136587673414
1079616	35.25	27.0	0.02475088886515192
1079616	35.25	27.25	0.006653136587673414
1079616	35.25	27.5	0.0
1079616	35.25	27.75	0.0
1079616	35.25	28.0	0.0
1079616	35.25	28.25	0.0
1079616	35.25	28.5	0.0
1079616	35.25	28.75	0.0
1079616	35.25	29.0	0.0
1079616	35.25	29.25	0.0
1079616	35.25	29.5	0.0
1079616	35.25	29.75	0.0
1079616	35.25	30.0	0.0
1079616	35.25	30.25	0.0
1079616	35.25	30.5	0.0
1079616	35.25	30.75	0.0
1079616	35.25	31.0	0.0
1079616	35.25	31.25	0.0
1079616	35.25	31.5	0.0
1079616	35.25	31.75	0.0
1079616	35.25	32.0	0.0
1079616	35.25	32.25	1.9837333862327E-4
1079616	35.25	32.5	0.13141470709413577
1079616	35.25	32.75	0.34480338150244916
1079616	35.25	33.0	0.7296781774068026
1079616	35.25	33.25	0.8254619809866784
1079616	35.25	33.5	0.9013321532662932
1079616	35.25	33.75	0.7865808066165139
1079616	35.25	34.0	0.3584453634046969
1079616	35.25	34.25	0.08766575618390737
1079616	35.25	34.5	0.0
1079616	35.25	34.75	0.0
1079616	35.25	35.0	0.0
1079616	35.0	26.0	0.3160239879144858
1079616	35.0	26.25	0.13109425785482126
1079616	35.0	26.5	0.03532571376253185
1079616	35.0	26.75	0.0010986831062212987
1079616	35.0	27.0	0.001113942593807704
1079616	35.0	27.25	0.0010986831062212987
1079616	35.0	27.5	0.0
1079616	35.0	27.75	0.0
1079616	35.0	28.0	0.0
1079616	35.0	28.25	0.0
1079616	35.0	28.5	0.0
1079616	35.0	28.75	0.0
1079616	35.0	29.0	0.0
1079616	35.0	29.25	0.0
1079616	35.0	29.5	0.0
1079616	35.0	29.75	0.0
1079616	35.0	30.0	0.0
1079616	35.0	30.25	0.0
1079616	35.0	30.5	0.0
1079616	35.0	30.75	0.0
1079616	35.0	31.0	0.0
1079616	35.0	31.25	0.0
1079616	35.0	31.5	0.0
1079616	35.0	31.75	0.0
1079616	35.0	32.0	0.0
1079616	35.0	32.25	0.33782979567546123
1079616	35.0	32.5	0.7182030427418247
1079616	35.0	32.75	0.9873193658156959
1079616	35.0	33.0	0.9878992263439794
1079616	35.0	33.25	0.9879755237819114
1079616	35.0	33.5	0.8659301420658294
1079616	35.0	33.75	0.6256389910426807
1079616	35.0	34.0	0.3261868066470328
1079616	35.0	34.25	0.08116521447209801
1079616	35.0	34.5	0.0
1079616	35.0	34.75	0.0
1079616	35.0	35.0	0.0
1079616	34.75	26.0	0.04864724642546503
1079616	34.75	26.25	0.04854043001236019
1079616	34.75	26.5	0.0
1079616	34.75	26.75	0.0
1079616	34.75	27.0	0.0
1079616	34.75	27.25	0.0
1079616	34.75	27.5	0.0
1079616	34.75	27.75	0.0
1079616	34.75	28.0	0.0
1079616	34.75	28.25	0.0
1079616	34.75	28.5	0.0
1079616	34.75	28.75	0.0
1079616	34.75	29.0	0.0
1079616	34.75	29.25	0.0
1079616	34.75	29.5	0.0
1079616	34.75	29.75	0.0
1079616	34.75	30.0	0.0
1079616	34.75	30.25	0.0
1079616	34.75	30.5	0.0
1079616	34.75	30.75	0.0
1079616	34.75	31.0	0.0
1079616	34.75	31.25	0.0
1079616	34.75	31.5	0.0
1079616	34.75	31.75	0.0
1079616	34.75	32.0	0.0
1079616	34.75	32.25	0.07010208597195305
1079616	34.75	32.5	0.4217264584255261
1079616	34.75	32.75	0.7071246547540934
1079616	34.75	33.0	0.735614118077915
1079616	34.75	33.25	0.5339752491111348
1079616	34.75	33.5	0.2808966474905773
1079616	34.75	33.75	0.05937466619870907
1079616	34.75	34.0	0.04939496131719895
1079616	34.75	34.25	0.04928814490409411
1079616	34.75	34.5	0.0
1079616	34.75	34.75	0.0
1079616	34.75	35.0	0.0
1079616	34.5	26.0	0.0
1079616	34.5	26.25	0.0
1079616	34.5	26.5	0.0
1079616	34.5	26.75	0.0
1079616	34.5	27.0	0.0
1079616	34.5	27.25	0.0
1079616	34.5	27.5	0.0
1079616	34.5	27.75	0.0
1079616	34.5	28.0	0.0
1079616	34.5	28.25	0.0
1079616	34.5	28.5	0.0
1079616	34.5	28.75	0.0
1079616	34.5	29.0	0.0
1079616	34.5	29.25	0.0
1079616	34.5	29.5	0.0
1079616	34.5	29.75	0.0
1079616	34.5	30.0	0.0
1079616	34.5	30.25	0.0
1079616	34.5	30.5	0.0
1079616	34.5	30.75	0.0
1079616	34.5	31.0	0.0
1079616	34.5	31.25	0.0
1079616	34.5	31.5	0.0
1079616	34.5	31.75	0.0
1079616	34.5	32.0	0.0
1079616	34.5	32.25	0.024521996551355785
1079616	34.5	32.5	0.024521996551355785
1079616	34.5	32.75	0.17992461813132316
1079616	34.5	33.0	0.1811453771382357
1079616	34.5	33.25	0.17655227137472723
1079616	34.5	33.5	0.003524941632459977
1079616	34.5	33.75	0.003524941632459977
1079616	34.5	34.0	0.0
1079616	34.5	34.25	0.0
1079616	34.5	34.5	0.0
1079616	34.5	34.75	0.0
1079616	34.5	35.0	0.0
1079616	34.25	26.0	0.0
1079616	34.25	26.25	0.0
1079616	34.25	26.5	0.0
1079616	34.25	26.75	0.0
1079616	34.25	27.0	0.0
1079616	34.25	27.25	0.0
1079616	34.25	27.5	0.0
1079616	34.25	27.75	0.0
1079616	34.25	28.0	0.0
1079616	34.25	28.25	0.0
1079616	34.25	28.5	0.0
1079616	34.25	28.75	0.0
1079616	34.25	29.0	0.0
1079616	34.25	29.25	0.0
1079616	34.25	29.5	0.0
1079616	34.25	29.75	0.0
1079616	34.25	30.0	0.0
1079616	34.25	30.25	0.0
1079616	34.25	30.5	0.0
1079616	34.25	30.75	0.0
1079616	34.25	31.0	0.0
1079616	34.25	31.25	0.0
1079616	34.25	31.5	0.0
1079616	34.25	31.75	0.0
1079616	34.25	32.0	0.0
1079616	34.25	32.25	0.0
1079616	34.25	32.5	0.0
1079616	34.25	32.75	0.0
1079616	34.25	33.0	2.2889231379608077E-4
1079616	34.25	33.25	9.155692551843231E-5
1079616	34.25	33.5	0.0
1079616	34.25	33.75	0.0
1079616	34.25	34.0	0.0
1079616	34.25	34.25	0.0
1079616	34.25	34.5	0.0
1079616	34.25	34.75	0.0
1079616	34.25	35.0	0.0
1079616	34.0	26.0	0.0
1079616	34.0	26.25	0.0
1079616	34.0	26.5	0.0
1079616	34.0	26.75	0.0
1079616	34.0	27.0	0.0
1079616	34.0	27.25	0.0
1079616	34.0	27.5	0.0
1079616	34.0	27.75	0.0
1079616	34.0	28.0	0.0
1079616	34.0	28.25	0.0
1079616	34.0	28.5	0.0
1079616	34.0	28.75	0.0
1079616	34.0	29.0	0.0
1079616	34.0	29.25	0.0
1079616	34.0	29.5	0.0
1079616	34.0	29.75	0.0
1079616	34.0	30.0	0.0
1079616	34.0	30.25	0.0
1079616	34.0	30.5	0.0
1079616	34.0	30.75	0.0
1079616	34.0	31.0	0.0
1079616	34.0	31.25	0.0
1079616	34.0	31.5	0.0
1079616	34.0	31.75	0.0
1079616	34.0	32.0	0.0
1079616	34.0	32.25	0.0
1079616	34.0	32.5	0.0
1079616	34.0	32.75	0.0
1079616	34.0	33.0	0.0
1079616	34.0	33.25	0.0
1079616	34.0	33.5	0.0
1079616	34.0	33.75	0.0
1079616	34.0	34.0	0.0
1079616	34.0	34.25	0.0
1079616	34.0	34.5	0.0
1079616	34.0	34.75	0.0
1079616	34.0	35.0	0.0
1079616	33.75	26.0	0.0
1079616	33.75	26.25	0.0
1079616	33.75	26.5	0.0
1079616	33.75	26.75	0.0
1079616	33.75	27.0	0.0
1079616	33.75	27.25	0.0
1079616	33.75	27.5	0.0
1079616	33.75	27.75	0.0
1079616	33.75	28.0	0.0
1079616	33.75	28.25	0.0
1079616	33.75	28.5	0.0
1079616	33.75	28.75	0.0
1079616	33.75	29.0	0.0
1079616	33.75	29.25	0.0
1079616	33.75	29.5	0.0
1079616	33.75	29.75	0.0
1079616	33.75	30.0	0.0
1079616	33.75	30.25	0.0
1079616	33.75	30.5	0.0
1079616	33.75	30.75	0.0
1079616	33.75	31.0	0.0
1079616	33.75	31.25	0.0
1079616	33.75	31.5	0.0
1079616	33.75	31.75	0.0
1079616	33.75	32.0	0.0
1079616	33.75	32.25	0.0
1079616	33.75	32.5	0.0
1079616	33.75	32.75	0.0
1079616	33.75	33.0	0.0
1079616	33.75	33.25	0.0
1079616	33.75	33.5	0.0
1079616	33.75	33.75	0.0
1079616	33.75	34.0	0.0
1079616	33.75	34.25	0.0
1079616	33.75	34.5	0.0
1079616	33.75	34.75	0.0
1079616	33.75	35.0	0.0
1079616	33.5	26.0	0.0
1079616	33.5	26.25	0.0
1079616	33.5	26.5	0.0
1079616	33.5	26.75	0.0
1079616	33.5	27.0	0.0
1079616	33.5	27.25	0.0
1079616	33.5	27.5	0.0
1079616	33.5	27.75	0.0
1079616	33.5	28.0	0.0
1079616	33.5	28.25	0.0
1079616	33.5	28.5	0.0
1079616	33.5	28.75	0.0
1079616	33.5	29.0	0.0
1079616	33.5	29.25	0.0
1079616	33.5	29.5	0.0
1079616	33.5	29.75	0.0
1079616	33.5	30.0	0.0
1079616	33.5	30.25	0.0
1079616	33.5	30.5	0.0
1079616	33.5	30.75	0.0
1079616	33.5	31.0	0.0
1079616	33.5	31.25	0.0
1079616	33.5	31.5	0.0
1079616	33.5	31.75	0.0
1079616	33.5	32.0	0.0
1079616	33.5	32.25	0.0
1079616	33.5	32.5	0.0
1079616	33.5	32.75	0.0
1079616	33.5	33.0	0.0
1079616	33.5	33.25	0.0
1079616	33.5	33.5	0.0
1079616	33.5	33.75	0.0
1079616	33.5	34.0	0.0
1079616	33.5	34.25	0.0
1079616	33.5	34.5	0.0
1079616	33.5	34.75	0.0
1079616	33.5	35.0	0.12247264736850139
1079616	33.25	26.0	0.0
1079616	33.25	26.25	0.0
1079616	33.25	26.5	0.0
1079616	33.25	26.75	0.0
1079616	33.25	27.0	0.0
1079616	33.25	27.25	0.0
1079616	33.25	27.5	0.0
1079616	33.25	27.75	0.0
1079616	33.25	28.0	0.0
1079616	33.25	28.25	0.0
1079616	33.25	28.5	0.0
1079616	33.25	28.75	0.0
1079616	33.25	29.0	0.0
1079616	33.25	29.25	0.0
1079616	33.25	29.5	0.0
1079616	33.25	29.75	0.0
1079616	33.25	30.0	0.0
1079616	33.25	30.25	0.0
1079616	33.25	30.5	0.0
1079616	33.25	30.75	0.0
1079616	33.25	31.0	0.0
1079616	33.25	31.25	0.0
1079616	33.25	31.5	0.0
1079616	33.25	31.75	0.0
1079616	33.25	32.0	0.0
1079616	33.25	32.25	0.0
1079616	33.25	32.5	0.0
1079616	33.25	32.75	0.0
1079616	33.25	33.0	0.0
1079616	33.25	33.25	0.0
1079616	33.25	33.5	0.0
1079616	33.25	33.75	0.0
1079616	33.25	34.0	0.0
1079616	33.25	34.25	0.0
1079616	33.25	34.5	0.0
1079616	33.25	34.75	2.2889231379608077E-4
1079616	33.25	35.0	0.15264065432682772
1079616	33.0	26.0	0.0
1079616	33.0	26.25	0.0
1079616	33.0	26.5	0.0
1079616	33.0	26.75	0.0
1079616	33.0	27.0	0.0
1079616	33.0	27.25	0.0
1079616	33.0	27.5	0.0
1079616	33.0	27.75	0.0
1079616	33.0	28.0	0.0
1079616	33.0	28.25	0.0
1079616	33.0	28.5	0.0
1079616	33.0	28.75	0.0
1079616	33.0	29.0	0.0
1079616	33.0	29.25	0.0
1079616	33.0	29.5	0.0
1079616	33.0	29.75	0.0
1079616	33.0	30.0	0.0
1079616	33.0	30.25	0.0
1079616	33.0	30.5	0.0
1079616	33.0	30.75	0.0
1079616	33.0	31.0	0.0
1079616	33.0	31.25	0.0
1079616	33.0	31.5	0.0
1079616	33.0	31.75	0.0
1079616	33.0	32.0	0.0
1079616	33.0	32.25	0.0
1079616	33.0	32.5	0.0
1079616	33.0	32.75	0.0
1079616	33.0	33.0	0.0
1079616	33.0	33.25	0.0
1079616	33.0	33.5	0.0
1079616	33.0	33.75	0.0
1079616	33.0	34.0	0.0
1079616	33.0	34.25	0.0
1079616	33.0	34.5	0.0
1079616	33.0	34.75	7.477148917339194E-4
1079616	33.0	35.0	0.329345520577419
1079616	32.75	26.0	0.0
1079616	32.75	26.25	0.0
1079616	32.75	26.5	0.0
1079616	32.75	26.75	0.0
1079616	32.75	27.0	0.0
1079616	32.75	27.25	0.0
1079616	32.75	27.5	0.0
1079616	32.75	27.75	0.0
1079616	32.75	28.0	0.0
1079616	32.75	28.25	0.0
1079616	32.75	28.5	0.0
1079616	32.75	28.75	0.0
1079616	32.75	29.0	0.0
1079616	32.75	29.25	0.0
1079616	32.75	29.5	0.0
1079616	32.75	29.75	0.0
1079616	32.75	30.0	0.0
1079616	32.75	30.25	0.0
1079616	32.75	30.5	0.0
1079616	32.75	30.75	0.0
1079616	32.75	31.0	0.0
1079616	32.75	31.25	0.0
1079616	32.75	31.5	0.0
1079616	32.75	31.75	0.0
1079616	32.75	32.0	0.0
1079616	32.75	32.25	0.0
1079616	32.75	32.5	0.0
1079616	32.75	32.75	0.0
1079616	32.75	33.0	0.0
1079616	32.75	33.25	0.0
1079616	32.75	33.5	0.0
1079616	32.75	33.75	0.0
1079616	32.75	34.0	0.0
1079616	32.75	34.25	0.0
1079616	32.75	34.5	0.0
1079616	32.75	34.75	0.14728457418399893
1079616	32.75	35.0	0.5265438786565547
1079616	32.5	26.0	0.0
1079616	32.5	26.25	0.0
1079616	32.5	26.5	0.0
1079616	32.5	26.75	0.0
1079616	32.5	27.0	0.0
1079616	32.5	27.25	0.0
1079616	32.5	27.5	0.0
1079616	32.5	27.75	0.0
1079616	32.5	28.0	0.0
1079616	32.5	28.25	0.0
1079616	32.5	28.5	0.0
1079616	32.5	28.75	0.0
1079616	32.5	29.0	0.0
1079616	32.5	29.25	0.0
1079616	32.5	29.5	0.0
1079616	32.5	29.75	0.0
1079616	32.5	30.0	0.0
1079616	32.5	30.25	0.0
1079616	32.5	30.5	0.0
1079616	32.5	30.75	0.0
1079616	32.5	31.0	0.0
1079616	32.5	31.25	0.0
1079616	32.5	31.5	0.0
1079616	32.5	31.75	0.0
1079616	32.5	32.0	0.0
1079616	32.5	32.25	0.0
1079616	32.5	32.5	0.0
1079616	32.5	32.75	0.0
1079616	32.5	33.0	0.0
1079616	32.5	33.25	0.0
1079616	32.5	33.5	0.0
1079616	32.5	33.75	0.0
1079616	32.5	34.0	0.0
1079616	32.5	34.25	0.0
1079616	32.5	34.5	0.0
1079616	32.5	34.75	0.2988418048921917
1079616	32.5	35.0	0.6881876306593624
1079616	32.25	26.0	0.0
1079616	32.25	26.25	0.0
1079616	32.25	26.5	0.0
1079616	32.25	26.75	0.0
1079616	32.25	27.0	0.0
1079616	32.25	27.25	0.0
1079616	32.25	27.5	0.0
1079616	32.25	27.75	0.0
1079616	32.25	28.0	0.0
1079616	32.25	28.25	0.0
1079616	32.25	28.5	0.0
1079616	32.25	28.75	0.0
1079616	32.25	29.0	0.0
1079616	32.25	29.25	0.0
1079616	32.25	29.5	0.0
1079616	32.25	29.75	0.0
1079616	32.25	30.0	0.0
1079616	32.25	30.25	0.0
1079616	32.25	30.5	0.0
1079616	32.25	30.75	0.0
1079616	32.25	31.0	0.0
1079616	32.25	31.25	0.0
1079616	32.25	31.5	0.0
1079616	32.25	31.75	0.0
1079616	32.25	32.0	0.0
1079616	32.25	32.25	0.0
1079616	32.25	32.5	0.0
1079616	32.25	32.75	0.0
1079616	32.25	33.0	0.0
1079616	32.25	33.25	0.0
1079616	32.25	33.5	0.0
1079616	32.25	33.75	0.0
1079616	32.25	34.0	0.0
1079616	32.25	34.25	0.0
1079616	32.25	34.5	0.0
1079616	32.25	34.75	0.39606000030518973
1079616	32.25	35.0	0.7954465689042163
1079616	32.0	26.0	0.0
1079616	32.0	26.25	0.0
1079616	32.0	26.5	0.0
1079616	32.0	26.75	0.0
1079616	32.0	27.0	0.0
1079616	32.0	27.25	0.0
1079616	32.0	27.5	0.0
1079616	32.0	27.75	0.0
1079616	32.0	28.0	0.0
1079616	32.0	28.25	0.0
1079616	32.0	28.5	0.0
1079616	32.0	28.75	0.0
1079616	32.0	29.0	0.0
1079616	32.0	29.25	0.0
1079616	32.0	29.5	0.0
1079616	32.0	29.75	0.0
1079616	32.0	30.0	0.0
1079616	32.0	30.25	0.0
1079616	32.0	30.5	0.0
1079616	32.0	30.75	0.0
1079616	32.0	31.0	0.0
1079616	32.0	31.25	0.0
1079616	32.0	31.5	0.0
1079616	32.0	31.75	0.0
1079616	32.0	32.0	0.0
1079616	32.0	32.25	0.0
1079616	32.0	32.5	0.0
1079616	32.0	32.75	0.0
1079616	32.0	33.0	0.0
1079616	32.0	33.25	0.0
1079616	32.0	33.5	0.0
1079616	32.0	33.75	0.0
1079616	32.0	34.0	0.0
1079616	32.0	34.25	0.0
1079616	32.0	34.5	0.05639906611935974
1079616	32.0	34.75	0.5955472815222864
1079616	32.0	35.0	0.9971922542841012
1079616	31.75	26.0	0.20783422092686127
1079616	31.75	26.25	0.13834251445836449
1079616	31.75	26.5	0.06491386019257472
1079616	31.75	26.75	0.001968473898646461
1079616	31.75	27.0	0.001968473898646461
1079616	31.75	27.25	0.0
1079616	31.75	27.5	0.0
1079616	31.75	27.75	0.0
1079616	31.75	28.0	0.0
1079616	31.75	28.25	0.0
1079616	31.75	28.5	0.0
1079616	31.75	28.75	0.0
1079616	31.75	29.0	0.0
1079616	31.75	29.25	0.0
1079616	31.75	29.5	0.0
1079616	31.75	29.75	0.0
1079616	31.75	30.0	0.0
1079616	31.75	30.25	4.7304411517862244E-4
1079616	31.75	30.5	0.02549860375688584
1079616	31.75	30.75	0.03964414874948502
1079616	31.75	31.0	0.12401385561472844
1079616	31.75	31.25	0.0847359345673172
1079616	31.75	31.5	0.08475119405490361
1079616	31.75	31.75	0.008713167411838307
1079616	31.75	32.0	0.009659255642195552
1079616	31.75	32.25	0.00402850472281141
1079616	31.75	32.5	0.0
1079616	31.75	32.75	0.0
1079616	31.75	33.0	0.0
1079616	31.75	33.25	0.0
1079616	31.75	33.5	0.0
1079616	31.75	33.75	0.0
1079616	31.75	34.0	0.0
1079616	31.75	34.25	0.022278851876154027
1079616	31.75	34.5	0.4017517891749195
1079616	31.75	34.75	0.875406283856988
1079616	31.75	35.0	0.9978178932751438
1079616	31.5	26.0	0.6536401507637374
1079616	31.5	26.25	0.5679123495033037
1079616	31.5	26.5	0.4803534097325012
1079616	31.5	26.75	0.4144629423343964
1079616	31.5	27.0	0.29842979872735875
1079616	31.5	27.25	0.28567286710512263
1079616	31.5	27.5	0.06462392992843302
1079616	31.5	27.75	0.012619596233958474
1079616	31.5	28.0	0.01263485572154488
1079616	31.5	28.25	0.0
1079616	31.5	28.5	0.0
1079616	31.5	28.75	0.0
1079616	31.5	29.0	0.0
1079616	31.5	29.25	0.0
1079616	31.5	29.5	4.272656524194063E-4
1079616	31.5	29.75	9.613477179436503E-4
1079616	31.5	30.0	0.04437458990127113
1079616	31.5	30.25	0.3341217401919644
1079616	31.5	30.5	0.35916255932125796
1079616	31.5	30.75	0.4191018265606641
1079616	31.5	31.0	0.5476477499885554
1079616	31.5	31.25	0.5015183190148474
1079616	31.5	31.5	0.4861520150153358
1079616	31.5	31.75	0.40416278821357177
1079616	31.5	32.0	0.1613080432759068
1079616	31.5	32.25	0.043535318084018726
1079616	31.5	32.5	0.039506813361207316
1079616	31.5	32.75	0.001602246196572732
1079616	31.5	33.0	0.001922695435887245
1079616	31.5	33.25	0.002258404162788219
1079616	31.5	33.5	0.0
1079616	31.5	33.75	0.0
1079616	31.5	34.0	0.14336288587429236
1079616	31.5	34.25	0.25651198632749916
1079616	31.5	34.5	0.7417789510628233
1079616	31.5	34.75	0.8771153464666657
1079616	31.5	35.0	0.9998626646117224
1079616	31.25	26.0	1.0
1079616	31.25	26.25	0.9999847405124136
1079616	31.25	26.5	0.999511696397235
1079616	31.25	26.75	0.9891352448384783
1079616	31.25	27.0	0.8727816519921261
1079616	31.25	27.25	0.7851464147833915
1079616	31.25	27.5	0.38400500511192837
1079616	31.25	27.75	0.3216852578090428
1079616	31.25	28.0	0.21975188073184504
1079616	31.25	28.25	0.20440083621991972
1079616	31.25	28.5	0.14319503151084184
1079616	31.25	28.75	0.04193307188744605
1079616	31.25	29.0	0.041948331375032455
1079616	31.25	29.25	0.01622083530435048
1079616	31.25	29.5	0.016648100956769885
1079616	31.25	29.75	0.17122671020707125
1079616	31.25	30.0	0.42229105946622314
1079616	31.25	30.25	0.7752430073398136
1079616	31.25	30.5	0.8592159675278104
1079616	31.25	30.75	0.9227106953748493
1079616	31.25	31.0	0.9846336960004882
1079616	31.25	31.25	0.9916835792654083
1079616	31.25	31.5	0.9788045717424809
1079616	31.25	31.75	0.9575175865594434
1079616	31.25	32.0	0.5405673477484626
1079616	31.25	32.25	0.34944226572871684
1079616	31.25	32.5	0.21752399554422963
1079616	31.25	32.75	0.17720842934094272
1079616	31.25	33.0	0.22185769001876915
1079616	31.25	33.25	0.2184243053118276
1079616	31.25	33.5	0.21471624982833076
1079616	31.25	33.75	0.2930126806341843
1079616	31.25	34.0	0.43794729372987656
1079616	31.25	34.25	0.6981673355408725
1079616	31.25	34.5	0.918834785527902
1079616	31.25	34.75	0.9998779240993088
1079616	31.25	35.0	0.997375368135138
1079616	31.0	26.0	1.0
1079616	31.0	26.25	1.0
1079616	31.0	26.5	1.0
1079616	31.0	26.75	1.0
1079616	31.0	27.0	1.0
1079616	31.0	27.25	0.9998321456365495
1079616	31.0	27.5	0.9991454686951612
1079616	31.0	27.75	0.9585857506904918
1079616	31.0	28.0	0.8139258083713549
1079616	31.0	28.25	0.7280148932598843
1079616	31.0	28.5	0.6188637785543162
1079616	31.0	28.75	0.30364854348190984
1079616	31.0	29.0	0.20388201364198189
1079616	31.0	29.25	0.17365296873330993
1079616	31.0	29.5	0.2350876657561839
1079616	31.0	29.75	0.6750644713350525
1079616	31.0	30.0	0.9762714968031374
1079616	31.0	30.25	0.9987487220179146
1079616	31.0	30.5	0.9927670028840432
1079616	31.0	30.75	0.9801168876749119
1079616	31.0	31.0	0.9971617353089284
1079616	31.0	31.25	0.9976500389116933
1079616	31.0	31.5	0.9978941907130758
1079616	31.0	31.75	0.9881128591701891
1079616	31.0	32.0	0.9564646819159812
1079616	31.0	32.25	0.9251216944135017
1079616	31.0	32.5	0.7335998657165093
1079616	31.0	32.75	0.6842354233744831
1079616	31.0	33.0	0.7811331695481666
1079616	31.0	33.25	0.7655990111852045
1079616	31.0	33.5	0.8183663192589993
1079616	31.0	33.75	0.920482810187234
1079616	31.0	34.0	0.9723498084934308
1079616	31.0	34.25	1.0
1079616	31.0	34.5	0.9999847405124136
1079616	31.0	34.75	0.9999542215372408
1079616	31.0	35.0	0.9968870645323731
